image_width: 640
image_height: 480
camera_name: narrow_stereo/left
camera_matrix:
  rows: 3
  cols: 3
  data: [644.07432,   0.     , 322.82026,
           0.     , 858.23541, 248.3685 ,
           0.     ,   0.     ,   1.     ]
distortion_model: plumb_bob
distortion_coefficients:
  rows: 1
  cols: 5
  data: [0.176550, -0.303846, 0.006414, 0.003725, 0.000000]
rectification_matrix:
  rows: 3
  cols: 3
  data: [ 0.98970046,  0.02254233, -0.14136775,
         -0.01515395,  0.99847293,  0.05312409,
          0.14234942, -0.05043466,  0.98853072]
projection_matrix:
  rows: 3
  cols: 4
  data: [1100.46058,    0.     ,  426.6916 ,    0.     ,
            0.     , 1100.46058,  244.38321,    0.     ,
            0.     ,    0.     ,    1.     ,    0.     ]
