image_width: 640
image_height: 480
camera_name: narrow_stereo/right
camera_matrix:
  rows: 3
  cols: 3
  data: [622.80466,   0.     , 314.40147,
           0.     , 829.67436, 236.67197,
           0.     ,   0.     ,   1.     ]
distortion_model: plumb_bob
distortion_coefficients:
  rows: 1
  cols: 5
  data: [0.157273, -0.174452, 0.006154, 0.003176, 0.000000]
rectification_matrix:
  rows: 3
  cols: 3
  data: [ 0.99767291, -0.03518949, -0.05839926,
          0.03210852,  0.99808443, -0.05288216,
          0.06014829,  0.05088399,  0.99689167]
projection_matrix:
  rows: 3
  cols: 4
  data: [1100.46058,    0.     ,  426.6916 ,  156.98968,
            0.     , 1100.46058,  244.38321,    0.     ,
            0.     ,    0.     ,    1.     ,    0.     ]
