# oST version 5.0 parameters


[image]

width
640

height
480

[narrow_stereo]

camera matrix
648.512985 0.000000 317.752407
0.000000 864.514130 228.551889
0.000000 0.000000 1.000000

distortion
0.182668 -0.327013 0.000918 0.000080 0.000000

rectification
1.000000 0.000000 0.000000
0.000000 1.000000 0.000000
0.000000 0.000000 1.000000

projection
664.271790 0.000000 317.295014 0.000000
0.000000 884.591309 228.406159 0.000000
0.000000 0.000000 1.000000 0.000000
