# oST version 5.0 parameters


[image]

width
640

height
480

[narrow_stereo/left]

camera matrix
647.197506 0.000000 312.182907
0.000000 863.754414 232.037571
0.000000 0.000000 1.000000

distortion
0.161897 -0.291424 0.000524 -0.002346 0.000000

rectification
0.995832 -0.085508 -0.031736
0.085116 0.996280 -0.013492
0.032772 0.010735 0.999405

projection
1092.549035 0.000000 302.114712 0.000000
0.000000 1092.549035 230.470449 0.000000
0.000000 0.000000 1.000000 0.000000
# oST version 5.0 parameters


[image]

width
640

height
480

[narrow_stereo/right]

camera matrix
648.936757 0.000000 318.172775
0.000000 865.502665 225.750562
0.000000 0.000000 1.000000

distortion
0.168587 -0.281896 0.000175 0.001569 0.000000

rectification
0.997241 0.051625 0.053349
-0.052269 0.998575 0.010738
-0.052718 -0.013497 0.998518

projection
1092.549035 0.000000 302.114712 162.423813
0.000000 1092.549035 230.470449 0.000000
0.000000 0.000000 1.000000 0.000000
