# oST version 5.0 parameters


[image]

width
640

height
480

[narrow_stereo]

camera matrix
654.645875 0.000000 316.316432
0.000000 871.917153 242.227176
0.000000 0.000000 1.000000

distortion
0.160487 -0.287598 0.003915 0.000131 0.000000

rectification
1.000000 0.000000 0.000000
0.000000 1.000000 0.000000
0.000000 0.000000 1.000000

projection
669.543274 0.000000 315.869186 0.000000
0.000000 889.512695 243.242749 0.000000
0.000000 0.000000 1.000000 0.000000
